-0.3339646595803959
-0.8607695845193822
-0.8191605119260489
-0.9880300813984075
-1.2690738173358345
-1.234277926219772
-1.2077551840403957
-0.9456910250753666
-0.5660994856274134
-0.15244203879310547
0.5359326183211635
0.9829259888121186
1.1306260301229567
1.0775805457642043
1.2084909612917678
1.7082864882315727
1.4980511740757834
1.139872490699253
0.8748883968153934
0.6884992178300523
0.2524556032847112
0.3933424631182785
0.2522122753748087
0.26340535923032526
-0.2636428936185636
-0.42521262579384617
-0.6094118535900646
-1.20142865838293
-1.3184693830460488
-1.2486342729040216
-1.1065307735209418
-0.8213504631151717
-0.12883923153255966
0.2013567422051791
0.8349826195913779
0.7454379487472453
1.3342914907113779
1.5588831515514168
1.8272738361739118
1.74162241188822
1.9973600451957831
1.6004922241447501
1.0836637435117678
0.9160108135889217
0.30379779227414594
0.2870081664908711
0.1359015344413974
0.10037565959562744
-0.16460843428823219
-0.459765189000006
-0.7386189737483101
-1.1228337434844113
-1.1272136458626572
-1.2084851677701034
-1.2230848423642555
-0.7753614881435927
-0.23274024906094173
0.1677774906386294
0.7746372979355494
1.121622897456563
1.453278838653717
1.5975722892259197
2.003686570853249
1.8871325020099352
1.7953978799766799
1.2941423855774596
1.3892835983493506
0.9240406346157053
0.6403202916693506
0.6196374193276352
0.31523420403956504
0.07920613143410697
-0.2475832515649963
-0.9508009111833199
-0.7833913091703764
-0.9347412691297525
-0.9890033930380177
-1.1880456233382906
-1.1629828486183296
-0.9838935069300645
-0.2760526170235928
0.2200929912676742
0.682416020082489
1.3277216371440095
1.34986447694514
1.3642208236293896
1.4165363242584343
1.5715362028663487
1.5754294494247891
1.2693229387674012
1.1500922629151595
0.5991978748958223
0.2848182153017483
0.050006782245802885
0.18870369089024733
0.08042277098361965
0.05633330790326877
-0.42642926534335884
-0.6804636032816045
-0.8649061589877253
-1.2289247122019162
-1.327715843622345
-1.3552118974413314
-0.6833835382004348
-0.29405888235638034
0.5386092253300914
1.0320782266124304
1.243773508227635
1.4732317272657247
1.516544095228376
1.787611386859799
2.088851339319136
1.7781215983736
1.4029099613038924
0.9965523517666605
0.697015694676641
0.1393081251800329
0.19746349564673854
0.11181207136104655
-0.3410211689675694
-0.4288625444423842
-0.7529753204325597
-0.6259581514634368
-1.2615306521288558
-1.4021741840525206
-1.6586418010897914
-1.6340656821896355
-1.4644661289875693
-1.2681005056962242
-0.9135717409682321
-0.7103929361996162
-0.5614762553392653
-0.35002430163396314
-0.1531720225228131
-0.21497731163805675
-0.17799146933287155
1.2456071578339793E-4
0.0429502728586294
-0.30622527785150705
-0.49212780101704307
-0.36340733667860253
-0.5653695018977059
-0.3368845944992263
-0.16582507383774486
-0.20573085106176045
-0.2546397609521698
-0.6641606333181347
-1.074411489413807
-1.5007219875630469
-1.541844404336575
-1.6737281315037487
-1.5469542904445284
-1.4308868774210195
-1.0863345569990313
-1.008712953740123
-0.8101573792596551
-0.7047963942718579
-0.6223082328148988
-0.4816647008912341
-0.30622527785150705
-0.42302267460472337
-0.31766168961692615
-0.3709505018855811
-0.5814291439512731
-0.4760681589634758
-0.38384688111041537
-0.17653150187345634
-0.24855656320460645
